100
13.7135 25.529 13.4296 25.6051 13.199 25.3863 13.2673 25.0905 13.4782 24.9877 13.7398 25.0987 
0.210735 0.0369795
13.4847 25.1881 13.4293 25.5382

14.362 26.1882 13.8896 26.3192 13.5151 26.0159 13.5357 25.5427 13.8987 25.279 14.312 25.3706 
0.567506 0.123606
13.995 25.3251 14.1123 26.1688

14.8278 26.7048 14.3134 26.7862 14.028 26.5201 14.0319 26.0717 14.4727 25.7799 14.9417 26.024 
0.258571 0.430393
14.3941 26.2039 14.1058 26.5216

15.1912 27.073 14.8915 27.1151 14.691 26.9248 14.7205 26.6185 14.925 26.4753 15.2273 26.5563 
0.222402 0.0488854
15.0899 27.0441 15.0125 26.6152

15.8281 27.7864 15.2614 27.8359 14.9156 27.3511 15.0925 26.878 15.5102 26.7134 15.9746 26.9552 
0.422599 0.438679
15.7714 27.5508 15.7162 27.7633

16.3416 28.2071 15.9537 28.3294 15.5594 28.0972 15.4918 27.6446 15.827 27.2975 16.3048 27.3647 
0.548425 0.13577
15.9423 27.5509 15.92 28.0388

16.8111 28.6004 16.4849 28.7322 16.1592 28.5662 16.0786 28.2027 16.3104 27.9113 16.703 27.9182 
0.404721 0.0472356
16.1417 28.3219 16.3052 27.9806

17.3055 29.095 17 29.2247 16.705 29.1055 16.5794 28.7409 16.8478 28.4035 17.2615 28.4653 
0.417115 0.029256
17.2427 28.593 17.2556 28.7435

17.8634 29.7652 17.2981 29.8547 16.9527 29.5211 17.0412 28.9285 17.5206 28.71 17.9715 28.9447 
0.73461 0.14384
17.4915 29.229 17.5601 29.2842

18.1626 30.0933 17.8477 30.0988 17.6671 29.8409 17.7321 29.5982 18.0176 29.4651 18.2531 29.58 
0.228309 0.0461252
17.9315 29.7506 17.8026 29.6377

18.8331 30.67 18.4566 30.796 18.0604 30.5337 18.0825 30.0288 18.4826 29.8024 18.8757 29.9734 
0.334128 0.29059
18.1556 30.3419 18.6221 30.4865

19.1885 31.1266 18.8898 31.1606 18.6504 30.9413 18.6504 30.6587 18.9152 30.4326 19.2666 30.5334 
0.247249 0.0965695
19.0657 30.6685 19.241 30.5272

19.7393 31.7144 19.3521 31.7551 19.0699 31.5098 19.0736 31.0827 19.4005 30.8319 19.8264 30.95 
0.385872 0.165306
19.3924 31.2655 19.6391 31.5124

20.2923 32.1134 19.9256 32.2221 19.6252 32.0078 19.6148 31.6121 19.8605 31.3948 20.2012 31.4216 
0.347285 0.0915947
19.887 31.8912 20.0209 31.607

20.7105 32.696 20.2964 32.6996 20.0689 32.4236 20.1239 32.0557 20.4765 31.8521 20.8059 31.972 
0.260067 0.220544
20.6775 32.0401 20.4883 32.1003

21.2924 33.2503 20.852 33.3162 20.4954 32.9836 20.5656 32.4844 20.8975 32.2729 21.3231 32.3712 
0.32304 0.362817
20.7774 33.0176 21.2562 32.7328

21.6485 33.5793 21.3564 33.5819 21.1854 33.3331 21.3009 33.0541 21.5276 32.9848 21.7653 33.1277 
0.24277 0.00623665
21.2146 33.3384 21.4611 33.5041

22.2267 34.1491 21.8307 34.1803 21.5853 33.8363 21.7108 33.5006 22.0794 33.3914 22.341 33.5612 
0.399709 0.0338003
22.1263 34.0479 21.943 33.8978

22.8811 34.6946 22.4713 34.8479 22.086 34.6599 21.9517 34.2809 22.1474 33.8797 22.6234 33.7654 
0.492293 0.186897
22.52 34.6232 21.9784 34.3463

23.3688 35.1955 22.9529 35.3388 22.5797 35.1403 22.4986 34.5974 22.9435 34.2622 23.3955 34.4312 
0.543829 0.190091
23.1097 35.1838 22.966 34.7684

23.6599 35.5769 23.4065 35.6057 23.1977 35.4041 23.226 35.1353 23.4888 34.9805 23.7651 35.1212 
0.243015 0.0120489
23.6426 35.1531 23.5571 35.2126

24.3066 36.2069 23.9028 36.3001 23.5544 36.047 23.5128 35.651 23.8941 35.3016 24.3275 35.4097 
0.591633 0.0399048
23.8474 36.1673 24.1735 36.2046

24.7397 36.5856 24.3664 36.6481 24.1416 36.4028 24.241 36.0318 24.5775 35.9353 24.8091 36.0915 
0.235005 0.117747
24.4475 36.1372 24.4521 36.2862

25.2536 37.149 24.8109 37.1877 24.578 36.8897 24.7058 36.4845 25.1333 36.3897 25.3809 36.5975 
0.418166 0.055278
24.8525 36.8258 25.0783 36.7641

25.7849 37.7559 25.2643 37.7832 24.9637 37.3375 25.2151 36.8441 25.6839 36.7948 26.0258 37.1882 
0.233334 0.514156
25.2898 37.5452 25.7301 37.2077

26.2714 38.1736 25.9119 38.2533 25.6084 38.0447 25.5886 37.5904 25.904 37.3483 26.2779 37.4312 
0.299487 0.213063
25.7348 37.5453 25.7989 38.0215

26.7165 38.5165 26.4627 38.6039 26.2492 38.4756 26.2029 38.2259 26.4259 38.0029 26.6756 38.0492 
0.215873 0.0141546
26.4717 38.0583 26.4676 38.2712

27.1885 39.1138 26.8991 39.1519 26.6862 38.9885 26.6738 38.6338 26.9491 38.4375 27.21 38.5001 
0.257008 0.0563331
27.0446 38.9303 27.1573 38.6454

27.7839 39.6044 27.4493 39.7131 27.1633 39.5446 27.1198 39.1307 27.3923 38.898 27.7943 39.0057 
0.252952 0.180665
27.6965 39.4312 27.3557 39.5566

28.1817 40.1025 27.9146 40.1424 27.6728 39.9322 27.6944 39.6236 27.9206 39.4562 28.2024 39.5109 
0.2283 0.0638495
27.9799 39.8111 27.8383 39.6406

28.8252 40.6612 28.4746 40.7854 28.1277 40.6124 28.0463 40.1258 28.424 39.82 28.8252 39.9388 
0.257815 0.326916
28.6973 39.9283 28.5588 39.9951

29.2006 41.1089 28.8862 41.1503 28.661 40.9439 28.7138 40.5682 29.0703 40.4384 29.3124 40.6048 
0.292189 0.0489216
29.1989 40.8783 29.261 40.709

29.7288 41.5541 29.4881 41.6417 29.2459 41.5288 29.1731 41.2 29.3291 41.0039 29.5769 40.9669 
0.223392 0.0369326
29.5233 41.1061 29.5366 41.5932

30.2083 42.0867 29.9143 42.1439 29.6995 41.9878 29.6547 41.7203 29.8615 41.4738 30.1328 41.4714 
0.246923 0.0376585
30.1456 41.924 29.7756 41.8886

30.8025 42.6133 30.5 42.7355 30.1522 42.5621 30.0775 42.1946 30.3946 41.8775 30.7799 41.9664 
0.307166 0.162846
30.7308 42.5854 30.3079 42.0746

31.3048 43.2195 30.8571 43.2985 30.53 43.0191 30.5192 42.6057 30.8142 42.3159 31.2671 42.3555 
0.484744 0.149037
30.7899 42.4731 30.6598 42.7735

31.6916 43.584 31.3772 43.6198 31.1921 43.4502 31.1824 43.1717 31.4523 42.9608 31.77 43.0891 
0.290949 0.000911118
31.4187 43.0423 31.2372 43.1492

32.3093 44.1686 31.9497 44.2785 31.6011 44.069 31.5539 43.6198 31.8593 43.3399 32.3342 43.4539 
0.367064 0.207112
32.1796 43.8559 32.0672 43.6086

32.8577 44.7747 32.3866 44.8835 31.9658 44.5606 32.0191 43.9506 32.5724 43.71 32.9747 43.9423 
0.478562 0.408036
32.8695 44.375 32.8433 44.1658

33.1901 45.0617 32.9108 45.1109 32.6849 44.8728 32.7228 44.6334 32.9272 44.4849 33.2206 44.5635 
0.25379 0.00184563
32.7297 44.6601 32.9664 44.5806

33.7799 45.805 33.2744 45.8315 32.9609 45.5069 32.9725 45.0651 33.3312 44.7478 33.7711 44.7902 
0.666553 0.086102
33.7188 45.0303 33.5022 45.5358

34.1896 46.1155 33.8216 46.1219 33.6414 45.8828 33.7398 45.5398 33.9936 45.432 34.3015 45.5889 
0.230199 0.106968
33.7868 46.0211 33.9797 45.4906

34.7381 46.6667 34.3649 46.7158 34.0946 46.4638 34.1418 46.0492 34.4166 45.8708 34.8349 46.0189 
0.30274 0.169828
34.4857 46.4953 34.4373 46.1389

35.1808 47.0784 34.8974 47.1157 34.6753 46.869 34.7281 46.6096 34.9711 46.4693 35.2388 46.5694 
0.223711 0.04627
35.0819 46.729 34.9243 46.7299

35.9182 47.7182 35.337 47.8685 34.9516 47.5216 34.9684 47.0407 35.2977 46.7442 35.8307 46.8097 
0.249132 0.606372
35.1569 47.0004 35.3752 47.722

36.3415 48.1415 36.0084 48.2829 35.5996 48.0701 35.5243 47.7161 35.8507 47.3406 36.2974 47.4194 
0.57368 0.00169547
36.2467 47.9668 35.7112 48.1236

36.7578 48.63 36.3499 48.691 36.0853 48.3583 36.1745 48.0364 36.4781 47.8818 36.8161 48.0252 
0.296529 0.141359
36.5714 48.6468 36.6859 48.5418

37.2625 49.0815 37 49.1849 36.7051 49.0474 36.6431 48.6558 36.8434 48.4484 37.204 48.4736 
0.21457 0.142528
36.7292 48.8059 37.0031 48.8962

37.7153 49.5391 37.4608 49.6194 37.2464 49.4981 37.2038 49.1743 37.4113 48.9907 37.6657 49.0242 
0.243128 0.00543971
37.6259 49.1113 37.2906 49.4392

38.3905 50.2493 37.8966 50.3862 37.5246 50.1583 37.4157 49.6864 37.6758 49.3008 38.2421 49.2562 
0.273919 0.55292
37.8182 50.0974 37.9369 49.9774

38.6621 50.5808 38.4271 50.616 38.2061 50.437 38.2344 50.114 38.4549 49.9789 38.7041 50.048 
0.21763 0.0311901
38.5095 50.3671 38.2153 50.382

39.2674 51.1423 38.9097 51.2249 38.6357 51.0366 38.5944 50.6443 38.932 50.3709 39.2429 50.4399 
0.27523 0.175896
38.8582 50.8459 39.0666 51.0445

39.7953 51.7725 39.3094 51.8236 38.9644 51.4536 39.0925 50.92 39.5968 50.7512 40.0236 51.1094 
0.681508 0.115991
39.6357 51.2537 39.5648 51.647

40.2559 52.0842 39.8946 52.1676 39.6655 51.9854 39.6384 51.6755 39.9336 51.4234 40.2248 51.4906 
0.274747 0.0814544
40.0929 51.964 40.0779 52.0282

40.7997 52.7989 40.282 52.8396 39.9353 52.4408 40.1106 51.8675 40.5608 51.7212 40.9825 51.9746 
0.264618 0.581898
40.619 52.6996 40.3532 52.6852

41.3604 53.2613 40.8883 53.3746 40.5036 53.1102 40.4433 52.6191 40.7162 52.288 41.1711 52.2402 
0.567386 0.198875
40.753 53.2103 40.7901 53.1397

41.6953 53.6383 41.3537 53.6622 41.1132 53.3544 41.2008 53.0489 41.5136 52.9096 41.8383 53.1047 
0.279952 0.104047
41.5355 53.3586 41.7209 53.1532

42.2916 54.1238 41.9772 54.2352 41.6117 53.9978 41.6305 53.5691 41.9094 53.3738 42.3238 53.5084 
0.253783 0.222398
42.1001 53.683 42.1171 53.4616

42.8033 54.6615 42.4425 54.7684 42.0955 54.543 42.0512 54.1542 42.362 53.8487 42.8218 53.9549 
0.203399 0.347969
42.682 54.568 42.2997 54.3824

43.3335 55.2426 42.9421 55.3512 42.5693 55.1488 42.46 54.6753 42.7658 54.2977 43.1895 54.2792 
0.546786 0.145935
42.5855 55.1437 42.516 54.7811

43.7741 55.6638 43.3975 55.7438 43.0872 55.4925 43.0839 55.1147 43.3898 54.8581 43.7928 54.9511 
0.388177 0.118026
43.5239 54.9754 43.4627 55.3477

44.2509 56.2718 43.8085 56.2989 43.4773 55.9111 43.6565 55.3907 44.0651 55.2696 44.4919 55.5912 
0.482312 0.24153
44.2209 55.7412 43.8427 55.6123

44.709 56.6099 44.4287 56.6669 44.1976 56.5197 44.1612 56.142 44.4544 55.929 44.7301 56.0055 
0.251901 0.0813149
44.5608 56.0044 44.6361 56.2705

45.1778 57.1343 44.8893 57.1621 44.6515 56.9479 44.6442 56.6705 44.902 56.4343 45.2172 56.4898 
0.321511 0.0104945
44.8645 56.6163 44.8847 57.0081

45.9124 57.7271 45.3969 57.8847 45.0258 57.6573 44.9535 57.068 45.4276 56.7107 45.9481 56.9105 
0.687713 0.202457
45.5391 57.1312 45.5012 56.9164

46.4064 58.2064 45.9101 58.3677 45.4599 57.9966 45.5126 57.4954 46.0201 57.2256 46.4338 57.4229 
0.766982 0.0699373
46.0352 58.2393 45.9454 58.0125

46.8391 58.7187 46.425 58.8335 46.0587 58.609 45.975 58.1788 46.3246 57.7906 46.7775 57.8382 
0.644823 0.0459682
46.2923 58.4215 46.5037 58.7784

47.171 59.1084 46.9147 59.1422 46.701 58.9869 46.6754 58.6622 46.8679 58.4731 47.1321 58.4731 
0.249355 0.022633
47.0062 58.6876 47.074 58.9956

47.7229 59.5853 47.4186 59.6527 47.1834 59.4755 47.1865 59.119 47.4937 58.938 47.7929 59.0872 
0.287349 0.0437806
47.7262 59.4765 47.4014 59.0043

48.2879 60.1963 47.9403 60.2862 47.5892 60.0668 47.5675 59.57 47.9658 59.3114 48.3912 59.5052 
0.215955 0.384966
48.0081 59.3524 47.9417 59.3441

48.808 60.6303 48.4371 60.7473 48.0812 60.4692 48.0906 60.1091 48.4371 59.8527 48.7718 59.9393 
0.425507 0.07483
48.5167 60.0228 48.505 59.9801

49.2844 61.313 48.7521 61.3316 48.4309 60.9419 48.5641 60.4075 49.122 60.2263 49.5476 60.5898 
0.393816 0.485266
49.0391 60.5654 48.9192 61.0801

49.8012 61.7638 49.3199 61.8229 48.9803 61.4892 49.0072 61.0489 49.423 60.7523 49.8251 60.8526 
0.261212 0.46426
49.1945 61.6684 49.6543 61.3628

50.2645 62.1921 49.8617 62.2523 49.5646 61.9848 49.5824 61.5779 49.8538 61.3502 50.2293 61.3863 
0.250424 0.268298
50.0393 61.4981 49.8834 62.1279

50.7099 62.6232 50.4068 62.674 50.1402 62.4381 50.2048 62.0523 50.4664 61.9161 50.8232 62.0901 
0.346912 0.0255538
50.4919 62.4593 50.7169 62.5566

51.2874 63.1678 50.8871 63.2529 50.5918 63.0263 50.5492 62.6792 50.7809 62.3879 51.1824 62.3704 
0.343306 0.157431
51.0547 62.8127 50.8505 62.7747

51.7242 63.6588 51.3553 63.6976 51.0847 63.3807 51.1759 63.028 51.5369 62.8785 51.8334 63.0395 
0.421284 0.0233783
51.2269 63.1868 51.161 63.2794

52.246 64.0294 51.9883 64.1362 51.7117 63.9733 51.6801 63.696 51.9016 63.4783 52.2162 63.5423 
0.238471 0.0446867
52.0342 63.9209 51.8247 63.7041

52.7841 64.8124 52.234 64.822 51.9163 64.3511 52.0447 63.9313 52.4489 63.7163 52.9617 63.9393 
0.487306 0.356749
52.4278 63.8476 52.5035 64.2325

53.2212 65.1159 52.837 65.1495 52.6313 64.9127 52.6564 64.6249 52.9133 64.4243 53.263 64.518 
0.230494 0.132058
53.2014 65.0399 52.9038 64.5167

53.7157 65.6452 53.3541 65.68 53.1068 65.4054 53.1749 65.055 53.4716 64.8939 53.8025 65.0276 
0.265488 0.142422
53.1836 65.1851 53.3785 65.0537

54.1818 66.1025 53.8235 66.1057 53.6524 65.8613 53.7219 65.5827 54.0246 65.4479 54.2704 65.5731 
0.253029 0.0534088
53.8882 65.8772 53.9478 65.7614

54.7918 66.6873 54.3028 66.743 54.0473 66.4738 54.0536 66.1105 54.3745 65.8316 54.7641 65.8933 
0.541107 0.0170515
54.5002 66.2716 54.3297 65.9326

55.2443 67.1127 54.8973 67.1833 54.6133 66.8893 54.6598 66.5956 54.904 66.4149 55.2603 66.5005 
0.368698 0.0158795
54.7965 66.7636 55.0911 66.7601

55.9046 67.6907 55.4706 67.8616 54.9945 67.5465 54.9682 67.1169 55.236 66.8034 55.6738 66.7651 
0.578129 0.155125
55.1882 67.0591 55.5217 67.6421

56.1795 68.111 55.9192 68.1499 55.6989 67.9956 55.6605 67.6831 55.9131 67.4516 56.2626 67.5551 
0.252699 0.0601118
55.9682 67.5425 56.1664 68.0253

56.7461 68.6387 56.3776 68.7004 56.0975 68.4154 56.1613 68.0539 56.4273 67.8877 56.7691 67.9793 
0.416129 0.00951697
56.7352 68.2594 56.476 68.3319

57.3532 69.2064 56.8247 69.3091 56.4776 68.9303 56.6062 68.4328 57.1211 68.2754 57.4615 68.5227 
0.740025 0.00122234
57.1136 68.2778 57.1326 68.4748

57.8283 69.64 57.4753 69.772 57.1379 69.6038 57.0457 69.1697 57.3937 68.8395 57.8457 68.9777 
0.324302 0.237742
57.8137 69.0638 57.3528 69.6112

58.2229 70.0475 57.8861 70.113 57.6957 69.9355 57.7376 69.595 58.0406 69.4694 58.2968 69.6488 
0.212949 0.071978
58.1107 69.9915 57.8066 69.7882

58.6814 70.5902 58.3942 70.6255 58.1679 70.3828 58.2098 70.1186 58.4347 69.9641 58.706 70.0267 
0.235643 0.0420159
58.2848 70.3478 58.4382 70.3909

59.2587 71.2866 58.7413 71.2866 58.463 70.924 58.5326 70.508 58.876 70.263 59.3161 70.3486 
0.291285 0.412104
59.0927 70.5969 58.6611 71.159

59.8016 71.7307 59.2778 71.7765 58.9898 71.4272 59.0693 70.9984 59.4268 70.7793 59.809 70.8746 
0.301889 0.35734
59.2514 71.444 59.4571 71.7247

60.3197 72.2092 59.7971 72.2781 59.5185 71.9945 59.5332 71.5723 59.9819 71.281 60.4404 71.5248 
0.541508 0.141995
59.9083 71.7417 60.1598 71.8265

60.8901 72.7487 60.4173 72.8888 59.9958 72.6151 59.9285 72.1361 60.3361 71.7285 60.9277 71.887 
0.510364 0.372304
60.6693 72.2344 60.4619 71.8512

61.3418 73.2704 60.7635 73.3312 60.4502 72.9893 60.5237 72.4665 61.0101 72.2186 61.4704 72.4582 
0.236044 0.615035
61.111 72.5132 60.6153 72.8654

61.758 73.6685 61.3099 73.7077 61.0585 73.3858 61.199 72.9657 61.5858 72.8585 61.9199 73.1388 
0.471804 0.049117
61.6608 73.3679 61.7397 73.29

62.297 74.2943 61.7747 74.3308 61.4548 73.9877 61.5715 73.4142 62.11 73.234 62.5043 73.5204 
0.724431 0.115022
61.6866 74.2148 61.8024 73.9035

62.7257 74.6476 62.3054 74.666 62.1036 74.4212 62.1872 74.0281 62.5145 73.8858 62.8128 74.0281 
0.260869 0.162479
62.4515 74.1699 62.3079 74.212

63.1766 75.1322 62.853 75.1463 62.6284 74.8588 62.6996 74.5736 63.0524 74.4275 63.3004 74.5736 
0.31517 0.0325431
62.6865 74.8103 62.7866 75.0507

